0: [466, 199, 423, 201, 381]
1: [147, 3, 262, 326, 295, 234, 286, 398]
2: [83, 340, 116, 263, 27, 204, 397, 78, 143]
3: [1, 262, 326, 441, 281, 234, 363]
4: [19, 261, 183, 329, 490, 333, 175]
5: [34, 115, 355, 22, 39, 72, 442, 414]
6: [321, 418, 69, 438, 265, 12, 61, 303]
7: [67, 435, 229, 309, 374, 473, 190, 319, 495]
8: [384, 386, 20, 55, 216, 43, 348, 445]
9: [211, 375, 360, 315, 140, 60, 93]
10: [81, 50, 82, 35, 87, 282, 91, 141, 127]
11: [402, 482, 388, 119, 377, 442, 362, 460, 238, 126, 351]
12: [418, 115, 6, 456, 219, 61, 109]
13: [243, 420, 454, 170, 125, 317, 270]
14: [99, 470, 40, 424, 441, 57, 281, 394, 331, 187, 157, 94]
15: [48, 467, 420, 356, 53, 247, 168]
16: [400, 33, 403, 25, 236]
17: [480, 371, 196, 231, 41, 217, 220, 191, 79]
18: [100, 404, 277, 217, 346]
19: [49, 4, 261, 422, 279, 156, 333, 175]
20: [384, 385, 216, 8, 43, 395]
21: [433, 306, 322, 354, 98, 245, 389, 358, 343, 396]
22: [176, 193, 115, 211, 5, 72, 456, 109]
23: [212, 436, 149, 54, 235, 284]
24: [321, 403, 421, 135, 265, 236, 142, 303]
25: [16, 68, 472, 376, 236, 173, 111, 479]
26: [64, 113, 356, 53, 327, 359, 471, 168, 478, 270]
27: [257, 2, 263, 58, 204, 397, 78]
28: [400, 33, 406, 249, 443, 461, 366, 255, 287, 415]
29: [496, 480, 194, 101, 165, 325, 390, 462, 79, 463]
30: [192, 210, 307, 437, 151, 154, 250, 75, 108, 365]
31: [144, 434, 162, 274, 88, 411, 367, 431]
32: [497, 482, 292, 198, 408, 138, 268, 45, 414]
33: [16, 400, 69, 438, 249, 443, 28]
34: [402, 5, 39, 72, 409, 442, 460, 238, 47]
35: [448, 82, 83, 87, 10, 141, 381, 174, 127]
36: [193, 338, 276, 213, 298, 106, 269, 318]
37: [320, 336, 65, 484, 405, 166, 70, 489, 172]
38: [272, 226, 324, 135, 265, 332, 364, 303]
39: [114, 34, 115, 5, 72, 73, 425, 409, 219, 460, 47]
40: [99, 230, 57, 281, 186, 363, 157, 14, 94]
41: [496, 480, 17, 371, 244, 390, 361, 220, 191]
42: [288, 195, 280, 169]
43: [384, 386, 20, 150, 280, 216, 8, 395]
44: [306, 322, 278, 214, 120, 492]
45: [32, 160, 129, 353, 198, 487, 268]
46: [369, 465, 259, 181, 393, 155, 379, 285, 350]
47: [114, 34, 402, 39, 73, 425, 409, 219, 460]
48: [195, 467, 372, 215, 136, 218, 125, 95, 15]
49: [304, 19, 279, 137, 282, 91, 156, 333, 222]
50: [81, 242, 468, 10, 77, 205, 141, 127]
51: [307, 437, 311, 88, 330, 154, 75, 92, 221]
52: [304, 340, 116, 310, 137, 143]
53: [356, 327, 471, 247, 168, 26, 15]
54: [80, 194, 325, 277, 23, 79]
55: [386, 275, 200, 216, 8, 412, 445]
56: [96, 468, 85, 199, 360, 426, 140, 205]
57: [100, 68, 230, 40, 472, 376, 186, 187, 157, 14, 94, 111]
58: [257, 227, 167, 263, 410, 27, 397, 78, 63]
59: [273, 180, 264, 345, 110]
60: [176, 450, 406, 375, 296, 249, 9, 315, 267, 93, 415]
61: [272, 321, 418, 69, 6, 12, 303]
62: [352, 146, 243, 359, 493, 302, 478, 318, 270]
63: [208, 227, 293, 167, 263, 410, 58, 381, 78, 174]
64: [224, 257, 113, 327, 471, 26]
65: [209, 130, 498, 37, 133, 70, 152, 172, 124, 349]
66: [96, 164, 202, 426, 140, 461, 366, 85, 406, 122, 315, 255, 415]
67: [435, 374, 487, 7, 473, 427, 190]
68: [424, 472, 57, 25, 474, 331, 187, 157, 173]
69: [400, 33, 321, 418, 6, 438, 296, 265, 61, 303]
70: [65, 130, 498, 37, 278, 120, 489, 172]
71: [498, 322, 278, 214, 358, 124, 396, 207, 239]
72: [34, 115, 5, 22, 39, 219]
73: [272, 226, 114, 39, 425, 219, 47]
74: [434, 453, 246, 411, 253, 158, 367, 383]
75: [256, 192, 210, 51, 307, 437, 311, 151, 154, 430, 30, 447]
76: [80, 97, 436, 392, 458]
77: [81, 50, 183, 329, 90, 91, 284, 175]
78: [2, 83, 227, 340, 167, 263, 58, 27, 397, 174, 143, 63]
79: [480, 17, 194, 325, 277, 54, 390, 220, 29]
80: [194, 277, 54, 458, 76]
81: [50, 87, 10, 91, 77, 141, 127]
82: [304, 83, 35, 340, 87, 10, 282, 91, 143]
83: [304, 82, 2, 35, 227, 340, 263, 78, 174, 143]
84: [385, 136, 328, 266, 188, 159]
85: [96, 242, 66, 56, 122, 202, 426, 475, 140, 205, 366]
86: [432, 368, 323, 328, 248, 188, 492, 446, 335]
87: [304, 81, 82, 35, 10, 282, 91, 127]
88: [274, 51, 437, 311, 330, 411, 31, 431]
89: [401, 134, 470, 311, 344, 153, 394, 154, 92, 221, 447]
90: [183, 392, 329, 284, 77, 175]
91: [81, 49, 82, 87, 10, 282, 333, 77, 175]
92: [256, 401, 51, 311, 344, 89, 394, 154, 221, 447]
93: [450, 406, 375, 360, 9, 315, 140, 60]
94: [99, 230, 40, 472, 57, 281, 186, 187, 157, 14]
95: [288, 48, 195, 467, 372, 215, 218, 125]
96: [66, 85, 406, 360, 56, 202, 426, 315, 140, 366]
97: [164, 458, 122, 76, 255]
98: [433, 21, 245, 389, 342, 343, 297, 139, 380]
99: [470, 344, 424, 40, 153, 441, 281, 394, 363, 157, 14, 94]
100: [18, 404, 230, 472, 376, 57, 186, 346, 111, 479]
101: [496, 483, 244, 165, 390, 29, 190, 462]
102: [308, 165, 229, 309, 301, 319, 495]
103: [308, 149, 439, 345, 235, 301]
104: [289, 419, 452, 347]
105: [144, 241, 162, 274, 310, 137, 378, 156, 222]
106: [129, 353, 36, 276, 213, 117, 314, 299]
107: [182, 455, 488, 250, 108, 252, 189, 413]
108: [192, 449, 210, 182, 151, 250, 107, 252, 189, 30]
109: [176, 193, 115, 211, 22, 456, 12]
110: [128, 370, 275, 451, 264, 59, 412]
111: [100, 404, 472, 376, 57, 25, 346, 287, 479]
112: [336, 499, 357, 166, 247, 232, 223]
113: [208, 64, 327, 471, 26, 478]
114: [39, 73, 425, 409, 219, 47]
115: [5, 22, 39, 72, 456, 219, 12, 109]
116: [144, 2, 52, 310, 143]
117: [353, 276, 454, 106, 314, 170]
118: [417, 294, 184, 427, 271]
119: [482, 292, 408, 377, 362, 138, 11, 123, 491, 238, 126]
120: [498, 70, 278, 214, 489, 44]
121: [225, 209, 258, 290, 133, 477, 349, 382]
122: [97, 66, 164, 85, 202, 426, 475, 366, 255]
123: [497, 482, 292, 294, 119, 377, 362, 138]
124: [65, 130, 498, 278, 71, 152, 316, 349, 207, 239]
125: [48, 243, 420, 215, 13, 317, 95]
126: [240, 388, 260, 119, 362, 11, 491, 351]
127: [448, 81, 50, 35, 468, 87, 10, 141]
128: [416, 370, 451, 291, 132, 261, 422, 110, 206]
129: [160, 353, 355, 213, 198, 106, 299, 268, 45]
130: [65, 498, 70, 152, 172, 124, 349, 207]
131: [305, 229, 486, 280, 169, 473, 444, 319]
132: [128, 416, 370, 451, 291, 341, 422, 313, 156, 206]
133: [320, 65, 209, 121, 172, 349, 382]
134: [344, 89, 153, 221, 383]
135: [449, 38, 24, 265, 332, 364, 189, 142, 303]
136: [48, 467, 372, 84, 357, 218, 159]
137: [304, 49, 52, 279, 105, 378, 156, 222]
138: [32, 497, 482, 292, 119, 408, 123, 268, 238, 414]
139: [433, 98, 179, 262, 343, 297, 233, 380]
140: [96, 66, 85, 406, 360, 56, 9, 315, 93]
141: [448, 81, 50, 35, 468, 10, 205, 127]
142: [449, 197, 421, 151, 135, 24, 364, 189]
143: [304, 82, 2, 83, 52, 340, 116, 78]
144: [162, 274, 116, 310, 105, 31, 431]
145: [417, 178, 260, 362, 491, 476, 334]
146: [352, 148, 359, 298, 493, 62, 302, 318]
147: [1, 389, 262, 326, 343, 295]
148: [146, 423, 201, 493, 302]
149: [180, 212, 436, 103, 439, 23, 345, 235]
150: [177, 273, 386, 228, 486, 280, 200, 216, 43, 444]
151: [256, 192, 449, 210, 197, 421, 75, 108, 364, 189, 30, 142]
152: [209, 65, 290, 130, 498, 124, 316, 349, 207]
153: [99, 134, 470, 344, 89, 441, 394, 459]
154: [256, 210, 51, 307, 437, 311, 89, 75, 92, 221, 30, 447]
155: [465, 275, 259, 451, 291, 379, 251, 412, 445, 494, 46]
156: [241, 49, 19, 132, 341, 422, 279, 137, 105, 378, 222]
157: [99, 68, 230, 40, 424, 331, 14, 472, 57, 281, 186, 187, 94]
158: [241, 434, 453, 246, 313, 74, 300, 285, 367]
159: [336, 432, 84, 357, 136, 266, 188]
160: [464, 161, 129, 487, 314, 45]
161: [160, 464, 305, 169, 314, 170, 317]
162: [144, 241, 434, 274, 105, 378, 222, 31, 367, 431]
163: [407, 455, 488, 440, 413, 382]
164: [97, 66, 122, 202, 461, 366, 255, 287]
165: [308, 101, 309, 390, 102, 301, 29, 190, 462, 463]
166: [336, 112, 499, 484, 37, 405, 232, 254]
167: [208, 227, 293, 263, 58, 410, 397, 78, 174, 63]
168: [420, 356, 53, 327, 359, 26, 478, 270, 15]
169: [288, 161, 305, 131, 42, 317]
170: [161, 305, 117, 454, 314, 317, 13]
171: [224, 419, 471, 232]
172: [320, 65, 209, 130, 484, 37, 133, 70, 349]
173: [339, 68, 25, 474, 331, 187, 236, 237]
174: [35, 83, 227, 340, 263, 167, 381, 78, 63]
175: [19, 4, 183, 329, 90, 490, 91, 333, 77]
176: [450, 211, 22, 375, 456, 267, 60, 109]
177: [273, 308, 228, 150, 200, 264, 345]
178: [145, 417, 185, 457, 476, 334]
179: [297, 233, 139, 380, 253]
180: [212, 149, 264, 345, 490, 235, 59]
181: [369, 465, 291, 393, 379, 300, 285, 46, 350]
182: [192, 449, 250, 107, 108, 252, 364, 189]
183: [212, 4, 329, 90, 490, 284, 77, 175]
184: [417, 118, 457, 361, 271]
185: [354, 178, 245, 295, 312, 476, 334]
186: [100, 230, 40, 472, 57, 281, 157, 94]
187: [68, 424, 472, 57, 394, 474, 331, 157, 173, 14, 94]
188: [432, 368, 84, 86, 328, 266, 159]
189: [192, 449, 324, 182, 151, 135, 107, 108, 252, 364, 142]
190: [67, 435, 483, 101, 165, 309, 7, 427, 462, 495]
191: [17, 371, 196, 231, 217, 41, 220, 398]
192: [449, 210, 307, 197, 182, 151, 250, 75, 108, 189, 30]
193: [338, 36, 213, 22, 299, 109, 269]
194: [480, 80, 325, 277, 54, 390, 29, 79, 463]
195: [288, 48, 372, 215, 42, 218, 395, 95]
196: [17, 231, 234, 398, 191]
197: [192, 256, 449, 339, 421, 151, 364, 430, 142]
198: [32, 129, 353, 355, 213, 299, 268, 45, 414]
199: [0, 466, 468, 423, 56, 360]
200: [177, 273, 386, 228, 150, 55, 216, 264]
201: [0, 208, 466, 148, 293, 423, 429, 493]
202: [96, 242, 66, 164, 85, 122, 426, 475, 366]
203: [337, 387, 485, 347, 204, 428]
204: [337, 2, 27, 203, 347, 397]
205: [50, 242, 468, 85, 56, 426, 475, 141]
206: [128, 416, 451, 291, 132, 341, 422, 313, 251, 285]
207: [130, 498, 278, 71, 152, 124, 316, 396, 239]
208: [113, 293, 327, 167, 201, 410, 381, 429, 63]
209: [225, 65, 258, 290, 133, 152, 121, 172, 349, 382]
210: [256, 192, 307, 437, 151, 154, 75, 108, 30]
211: [176, 450, 338, 22, 375, 456, 9, 109]
212: [180, 436, 149, 23, 183, 235, 284]
213: [193, 129, 353, 355, 36, 198, 106, 299, 269]
214: [306, 322, 278, 71, 120, 44]
215: [288, 48, 467, 195, 420, 372, 218, 125, 95]
216: [384, 386, 20, 228, 150, 55, 280, 200, 8, 43]
217: [17, 18, 277, 230, 231, 220, 191]
218: [48, 195, 467, 372, 215, 136, 95]
219: [114, 115, 39, 456, 72, 73, 12, 47]
220: [496, 480, 17, 371, 390, 231, 41, 217, 191, 79]
221: [51, 134, 311, 344, 89, 154, 411, 92, 383]
222: [49, 241, 162, 341, 279, 137, 105, 378, 156]
223: [112, 499, 357, 247, 232]
224: [64, 257, 419, 452, 471, 171, 397]
225: [209, 258, 226, 469, 440, 121, 477, 382]
226: [272, 225, 469, 38, 425, 73, 332, 477]
227: [83, 263, 167, 410, 58, 397, 78, 174, 63]
228: [177, 273, 386, 229, 486, 150, 280, 200, 216, 444]
229: [131, 228, 309, 486, 102, 7, 444, 319, 495]
230: [100, 231, 40, 472, 57, 217, 186, 346, 157, 94]
231: [17, 196, 230, 217, 220, 191]
232: [112, 419, 499, 166, 247, 171, 254, 223]
233: [179, 453, 391, 297, 139, 380, 300, 253, 350]
234: [1, 3, 196, 363, 286, 398]
235: [180, 212, 149, 103, 439, 23, 345]
236: [16, 339, 403, 421, 24, 25, 474, 173]
237: [256, 401, 339, 424, 394, 474, 331, 173, 430, 447]
238: [34, 482, 119, 408, 377, 138, 442, 11, 460, 414]
239: [240, 373, 71, 312, 124, 316, 396, 207]
240: [388, 260, 373, 312, 316, 126, 239, 351]
241: [434, 162, 341, 313, 105, 378, 156, 158, 222, 367]
242: [50, 468, 85, 392, 202, 426, 475, 205]
243: [352, 276, 420, 454, 13, 125, 62, 318, 270]
244: [496, 371, 483, 101, 390, 361, 41, 427, 462, 271]
245: [98, 354, 21, 389, 358, 343, 185]
246: [453, 391, 74, 300, 285, 253, 158, 367]
247: [112, 53, 357, 232, 15, 223]
248: [86, 342, 492, 446, 335, 399]
249: [400, 33, 406, 438, 296, 443, 315, 28, 60, 461, 415]
250: [192, 485, 182, 107, 428, 108, 30]
251: [416, 465, 370, 275, 451, 291, 155, 412, 445, 206]
252: [449, 324, 182, 440, 107, 108, 364, 189, 413]
253: [179, 453, 246, 233, 74, 383]
254: [320, 289, 499, 484, 405, 166, 232]
255: [97, 66, 164, 122, 28, 461, 366, 287, 479]
256: [401, 210, 307, 339, 197, 151, 154, 75, 92, 237, 430, 447]
257: [64, 224, 452, 263, 58, 410, 27, 397]
258: [225, 209, 469, 407, 440, 121, 413, 382]
259: [369, 323, 155, 379, 348, 445, 46, 494]
260: [240, 145, 373, 312, 362, 491, 476, 126, 334, 351]
261: [128, 19, 4, 422, 490, 333]
262: [1, 147, 3, 326, 139, 459]
263: [257, 2, 83, 227, 167, 58, 410, 27, 397, 78, 174, 63]
264: [177, 273, 180, 200, 345, 59, 110]
265: [321, 403, 69, 38, 6, 135, 24, 303]
266: [432, 84, 328, 188, 159]
267: [176, 418, 450, 438, 296, 456, 60]
268: [32, 129, 355, 198, 408, 138, 299, 45, 414]
269: [193, 338, 36, 213, 298]
270: [352, 243, 420, 356, 359, 168, 26, 13, 62, 478]
271: [417, 483, 244, 118, 294, 184, 361, 427]
272: [226, 38, 73, 425, 332, 61, 303]
273: [177, 386, 228, 150, 200, 264, 345, 59]
274: [144, 162, 310, 88, 105, 330, 31, 431]
275: [370, 451, 55, 155, 251, 412, 445, 110]
276: [352, 243, 36, 117, 454, 106, 298, 318]
277: [480, 80, 194, 18, 54, 217, 79]
278: [498, 322, 70, 214, 71, 120, 124, 44, 207]
279: [49, 19, 341, 422, 137, 378, 156, 333, 222]
280: [131, 228, 486, 150, 216, 42, 43, 444]
281: [3, 99, 40, 441, 186, 363, 157, 14, 94]
282: [304, 49, 82, 340, 87, 10, 91]
283: [481, 290, 402, 388, 316, 351]
284: [212, 436, 23, 183, 392, 329, 90, 77]
285: [465, 291, 181, 246, 313, 300, 46, 206, 158]
286: [1, 295, 457, 234, 398]
287: [164, 376, 443, 28, 461, 366, 111, 255, 479]
288: [195, 372, 215, 169, 42, 395, 95]
289: [419, 104, 254]
290: [209, 481, 152, 121, 283, 349]
291: [128, 416, 465, 370, 451, 132, 181, 155, 251, 412, 285, 206]
292: [32, 497, 482, 294, 119, 138, 123]
293: [208, 466, 167, 201, 410, 381, 429, 63]
294: [292, 118, 123, 271]
295: [1, 147, 389, 185, 286]
296: [400, 418, 450, 69, 438, 249, 443, 267, 60, 415]
297: [433, 98, 179, 342, 391, 233, 139, 380, 350]
298: [338, 146, 36, 276, 269, 302, 318]
299: [193, 129, 353, 355, 213, 198, 106, 268, 414]
300: [453, 181, 246, 391, 393, 233, 285, 350, 158]
301: [308, 165, 102, 439, 103, 463]
302: [338, 146, 148, 298, 493, 62, 318]
303: [272, 321, 69, 38, 6, 135, 24, 265, 61]
304: [49, 82, 83, 52, 340, 87, 137, 282, 143]
305: [464, 161, 131, 169, 170, 317]
306: [322, 21, 214, 358, 44, 492, 399]
307: [256, 192, 210, 51, 437, 311, 154, 75, 365, 30]
308: [177, 165, 102, 439, 103, 301, 495]
309: [165, 229, 102, 7, 473, 190, 319, 495]
310: [144, 274, 387, 52, 116, 105]
311: [51, 307, 88, 89, 154, 75, 92, 221]
312: [240, 354, 260, 373, 358, 185, 396, 476, 334, 239]
313: [241, 434, 132, 341, 378, 285, 206, 158]
314: [160, 161, 117, 454, 170, 106, 317]
315: [96, 66, 406, 360, 249, 9, 140, 60, 93, 415]
316: [240, 373, 152, 283, 124, 207, 239, 351]
317: [161, 305, 454, 169, 170, 314, 13, 125]
318: [352, 146, 243, 36, 276, 454, 298, 62, 302]
319: [131, 229, 309, 486, 102, 7, 473, 444, 495]
320: [484, 37, 405, 133, 172, 254]
321: [418, 69, 6, 438, 24, 265, 61, 303]
322: [306, 354, 21, 278, 214, 358, 71, 44, 396]
323: [259, 86, 328, 379, 348, 494]
324: [469, 38, 440, 252, 332, 364, 189, 413]
325: [480, 194, 54, 439, 29, 79, 463]
326: [1, 147, 3, 262, 441, 459, 363]
327: [208, 64, 113, 53, 359, 168, 26, 478]
328: [432, 368, 385, 323, 84, 86, 266, 188]
329: [4, 183, 90, 490, 284, 77, 175]
330: [274, 387, 51, 437, 88, 365, 431]
331: [401, 68, 424, 394, 474, 187, 157, 237, 173, 14]
332: [272, 226, 324, 469, 38, 135]
333: [49, 19, 4, 261, 279, 490, 91, 175]
334: [145, 178, 260, 373, 312, 185, 491, 476]
335: [368, 369, 86, 248, 492, 446]
336: [112, 499, 484, 37, 405, 166, 489, 159]
337: [485, 203, 347, 204, 428]
338: [193, 211, 36, 375, 298, 269, 302]
339: [256, 403, 197, 421, 474, 236, 237, 173, 430]
340: [304, 82, 2, 83, 52, 282, 78, 174, 143]
341: [416, 241, 132, 422, 279, 313, 378, 156, 206, 222]
342: [433, 98, 248, 297, 380, 350, 399]
343: [433, 98, 147, 21, 389, 245, 139, 380]
344: [401, 99, 134, 470, 424, 89, 153, 394, 92, 221, 447]
345: [177, 273, 180, 149, 103, 264, 235, 59]
346: [18, 100, 404, 230, 472, 376, 479, 111]
347: [337, 452, 104, 203, 204, 428]
348: [384, 323, 259, 8, 379, 445, 494]
349: [65, 209, 130, 290, 133, 152, 121, 124, 172]
350: [369, 181, 342, 391, 297, 393, 233, 300, 446, 46]
351: [240, 388, 260, 373, 362, 491, 11, 283, 316, 126]
352: [146, 243, 276, 359, 62, 478, 318, 270]
353: [129, 213, 117, 198, 106, 299, 45]
354: [322, 21, 245, 358, 312, 185, 396]
355: [129, 5, 213, 198, 408, 299, 268, 414]
356: [420, 53, 168, 26, 270, 15]
357: [112, 499, 467, 247, 136, 159, 223]
358: [306, 322, 354, 21, 245, 71, 312, 396]
359: [352, 146, 327, 168, 26, 493, 62, 478, 270]
360: [96, 468, 199, 423, 56, 9, 315, 140, 93]
361: [371, 244, 184, 457, 41, 271]
362: [145, 388, 260, 119, 377, 11, 491, 123, 126, 351]
363: [3, 99, 326, 40, 441, 281, 234]
364: [449, 324, 197, 182, 38, 151, 135, 252, 189, 142]
365: [307, 387, 437, 330, 30]
366: [96, 66, 164, 85, 406, 122, 202, 28, 461, 255, 287, 415]
367: [241, 434, 162, 453, 246, 74, 411, 158, 31]
368: [432, 86, 328, 492, 188, 335]
369: [465, 259, 181, 393, 379, 350, 46, 494, 446, 335]
370: [128, 416, 275, 451, 291, 132, 251, 412, 110]
371: [496, 17, 244, 361, 41, 220, 191]
372: [288, 48, 195, 467, 215, 136, 218, 395, 95]
373: [240, 260, 312, 316, 396, 476, 334, 239, 351]
374: [464, 67, 435, 487, 7, 473]
375: [176, 450, 338, 211, 9, 60, 93]
376: [100, 472, 57, 25, 346, 111, 287, 479]
377: [402, 482, 119, 408, 442, 362, 11, 123, 460, 238]
378: [241, 434, 162, 341, 422, 279, 313, 137, 105, 156, 222]
379: [369, 465, 323, 259, 181, 393, 155, 348, 46, 494, 446]
380: [433, 98, 179, 342, 343, 297, 233, 139, 399]
381: [0, 448, 208, 466, 35, 293, 174, 63]
382: [225, 209, 258, 163, 133, 407, 121]
383: [453, 134, 74, 411, 253, 221]
384: [385, 20, 216, 8, 43, 395, 348]
385: [384, 84, 20, 328, 395]
386: [273, 228, 150, 55, 200, 216, 8, 43]
387: [310, 330, 203, 365]
388: [240, 481, 402, 362, 11, 283, 126, 351]
389: [98, 147, 21, 245, 343, 295]
390: [480, 194, 483, 101, 165, 41, 462, 79, 463, 496, 244, 220, 29]
391: [453, 246, 297, 393, 233, 300, 350]
392: [242, 436, 90, 475, 76, 284]
393: [465, 369, 181, 391, 379, 300, 350, 446, 46]
394: [99, 424, 331, 237, 14, 401, 470, 344, 89, 153, 187, 92, 447]
395: [288, 384, 385, 195, 372, 20, 43]
396: [322, 354, 21, 373, 358, 71, 312, 207, 239]
397: [224, 257, 2, 227, 452, 167, 263, 58, 410, 27, 204, 78]
398: [1, 196, 234, 286, 191]
399: [433, 306, 342, 248, 492, 380]
400: [16, 33, 69, 438, 296, 249, 443, 28, 415]
401: [256, 470, 344, 424, 89, 394, 474, 331, 92, 237, 430, 447]
402: [481, 34, 388, 377, 409, 442, 11, 283, 460, 47]
403: [16, 339, 421, 24, 265, 236]
404: [18, 100, 346, 111]
405: [320, 336, 499, 484, 37, 166, 254]
406: [96, 66, 249, 443, 315, 28, 140, 60, 461, 93, 366, 415]
407: [258, 163, 455, 440, 413, 382]
408: [32, 482, 355, 119, 377, 442, 138, 268, 414, 238]
409: [481, 114, 34, 402, 39, 425, 460, 477, 47]
410: [208, 257, 227, 293, 167, 263, 58, 397, 63]
411: [88, 74, 221, 31, 367, 431, 383]
412: [416, 370, 275, 451, 291, 55, 155, 251, 445, 110]
413: [258, 163, 324, 407, 455, 440, 107, 252]
414: [32, 355, 5, 198, 408, 138, 442, 299, 268, 238]
415: [400, 66, 406, 296, 249, 443, 315, 28, 60, 461, 366]
416: [128, 370, 451, 291, 132, 341, 422, 251, 412, 206]
417: [145, 178, 118, 184, 457, 271]
418: [321, 69, 6, 438, 296, 267, 12, 61]
419: [224, 289, 452, 104, 232, 171]
420: [243, 356, 215, 168, 13, 125, 270, 15]
421: [339, 403, 197, 151, 24, 236, 430, 142]
422: [128, 416, 19, 132, 261, 341, 279, 378, 156, 206]
423: [0, 466, 148, 199, 360, 201, 493]
424: [401, 99, 68, 470, 344, 394, 474, 331, 187, 157, 237, 14]
425: [272, 226, 114, 469, 39, 73, 409, 477, 47]
426: [96, 242, 66, 468, 85, 56, 122, 202, 475, 205]
427: [435, 483, 67, 244, 118, 190, 271]
428: [337, 485, 488, 250, 203, 347]
429: [208, 293, 201, 493]
430: [256, 401, 339, 197, 421, 474, 75, 237, 447]
431: [144, 274, 162, 88, 330, 411, 31]
432: [368, 86, 328, 489, 266, 188, 159]
433: [98, 21, 342, 343, 297, 139, 380, 399]
434: [241, 162, 313, 74, 378, 158, 31, 367]
435: [67, 483, 374, 7, 427, 190]
436: [212, 149, 23, 392, 76, 284]
437: [210, 51, 307, 88, 330, 154, 75, 365, 30]
438: [400, 33, 321, 418, 69, 6, 296, 249, 443, 267]
439: [308, 325, 149, 103, 235, 301, 463]
440: [225, 258, 163, 324, 469, 407, 252, 413]
441: [3, 99, 326, 470, 153, 281, 363, 459, 14]
442: [34, 402, 5, 408, 377, 11, 460, 238, 414]
443: [400, 33, 406, 438, 296, 249, 28, 461, 287, 415]
444: [131, 228, 229, 486, 150, 280, 319, 495]
445: [275, 259, 55, 8, 155, 251, 348, 412, 494]
446: [369, 86, 248, 393, 379, 492, 350, 335]
447: [256, 401, 344, 89, 394, 154, 474, 75, 92, 237, 430]
448: [466, 35, 141, 381, 127]
449: [192, 197, 182, 151, 135, 108, 252, 364, 189, 142]
450: [176, 211, 375, 296, 267, 60, 93]
451: [128, 416, 370, 275, 291, 132, 155, 251, 412, 110, 206]
452: [224, 257, 419, 104, 347, 397]
453: [246, 391, 233, 74, 300, 253, 158, 367, 383]
454: [243, 276, 117, 170, 314, 317, 13, 318]
455: [163, 407, 488, 107, 413]
456: [176, 115, 211, 22, 267, 219, 12, 109]
457: [417, 178, 184, 361, 286]
458: [80, 97, 76]
459: [262, 326, 153, 441]
460: [34, 402, 39, 377, 409, 442, 11, 238, 47]
461: [66, 164, 406, 249, 443, 28, 366, 255, 287, 415]
462: [496, 483, 244, 101, 165, 390, 29, 190, 463]
463: [480, 194, 165, 325, 390, 439, 301, 29, 462]
464: [160, 161, 305, 374, 487, 473]
465: [369, 291, 181, 393, 155, 379, 251, 285, 46, 494]
466: [448, 0, 293, 199, 423, 201, 381]
467: [48, 372, 357, 215, 136, 218, 95, 15]
468: [50, 242, 199, 56, 360, 426, 205, 141, 127]
469: [225, 258, 226, 324, 440, 425, 332, 477]
470: [401, 99, 344, 424, 89, 153, 441, 394, 14]
471: [64, 224, 113, 53, 26, 171]
472: [100, 68, 230, 111, 376, 57, 25, 186, 346, 187, 157, 94, 479]
473: [464, 67, 131, 309, 374, 7, 487, 319]
474: [401, 339, 68, 424, 331, 187, 236, 237, 173, 430, 447]
475: [242, 85, 392, 122, 202, 426, 205]
476: [145, 178, 260, 373, 312, 185, 491, 334]
477: [225, 481, 226, 469, 425, 121, 409]
478: [352, 113, 327, 359, 168, 26, 62, 270]
479: [100, 472, 376, 25, 346, 111, 255, 287]
480: [496, 17, 194, 325, 277, 390, 41, 220, 29, 79, 463]
481: [290, 402, 388, 409, 283, 477]
482: [32, 497, 292, 119, 408, 377, 138, 11, 123, 238]
483: [496, 435, 244, 101, 390, 427, 190, 462, 271]
484: [320, 336, 37, 405, 166, 172, 254]
485: [337, 250, 203, 428]
486: [131, 228, 229, 150, 280, 444, 319, 495]
487: [160, 464, 67, 374, 473, 45]
488: [163, 455, 107, 428]
489: [432, 336, 37, 70, 120]
490: [180, 4, 261, 183, 329, 333, 175]
491: [145, 260, 119, 362, 476, 126, 334, 351]
492: [368, 306, 86, 248, 44, 446, 335, 399]
493: [146, 148, 423, 359, 201, 429, 62, 302]
494: [369, 465, 323, 259, 155, 379, 348, 445]
495: [308, 229, 309, 486, 102, 7, 444, 190, 319]
496: [480, 371, 483, 244, 101, 390, 41, 220, 29, 462]
497: [32, 482, 292, 138, 123]
498: [65, 130, 70, 278, 71, 120, 152, 124, 207]
499: [336, 112, 405, 357, 166, 232, 254, 223]
