0: [115,118,263,335,422,423,429,439,442,466]
1: [15,70,82,121,124,134,169,230]
2: [10,168,220,225,358]
3: [38,120,171,197,213,265,292,487]
4: [88,203,266,352,373,381,453]
5: [33,52,80,128,208,260,382,388,423,426,439,471]
6: [67,239,248,261,312,327,349,376,448]
7: [71,157,175,293,321,420,427]
8: [26,29,243,293,425,434,463,491]
9: [43,112,132,136,233,348,372,436]
10: [2,90,168,180,225,296]
11: [22,181,250,273,298,303,337,340,350,428]
12: [62,65,102,128,218,323,432]
13: [81,151,171,197,213,278,295,398]
14: [29,64,175,202,243,246,339,415,434]
15: [1,32,121,134,169,173,227]
16: [141,161,164,253,281,289,328,456]
17: [41,44,61,110,145,200,288,309,389]
18: [79,114,224,270,282,304,306,349,458,482]
19: [46,283,312,327,448,474]
20: [60,130,174,193,211,344,451,481]
21: [140,171,176,197,215,332,404,483]
22: [11,107,144,181,250,340,350,392,409]
23: [98,186,405,420,431,438]
24: [199,235,280,294,360,368,424]
25: [89,167,183,184,237,256,262,334,366,377]
26: [8,53,71,78,131,133,258,425,431,491]
27: [42,45,72,122,126,156,336,367,457]
28: [70,82,124,192,230,399]
29: [8,14,202,243,339,386,434,463]
30: [43,111,179,198,297,396]
31: [54,80,115,122,153,299,336,423,426,429,446,471]
32: [15,35,97,134,142,155,169,173,227,407,495,499]
33: [5,52,102,161,208,260,265,281,289,319,382,394,471,487]
34: [157,175,211,246,318,361,427,481]
35: [32,97,101,125,134,142,169,189,263,407,442,466]
36: [87,100,127,236,364,378,379,435]
37: [109,259,330,384,461]
38: [3,120,141,151,171,197,213,292,487]
39: [235,238,274,280,364,411,459,492]
40: [46,120,140,176,404,475]
41: [17,44,110,145,200,204,302,309,351,397]
42: [27,45,50,51,194,220,367,457]
43: [9,30,111,136,179,348,372]
44: [17,41,49,145,200,204,242,288,309,397]
45: [27,42,51,72,126,135,367,457,462]
46: [19,40,65,283,475]
47: [78,108,172,464]
48: [108,160,214,226,305,314,360,368,480]
49: [44,177,204,284,309]
50: [42,194,220,244,367,457]
51: [42,45,135,225,365,367,462]
52: [5,33,80,208,260,281,319,382,394,423,426,471]
53: [26,71,131,133,186,258,420,425,431,464]
54: [31,80,153,208,253,281,299,426,446,452]
55: [85,138,158,231,268,391,437,447]
56: [63,107,144,234,279,347,436,494]
57: [96,109,269,353,363,443,473,488]
58: [196,310,329,383,395,460]
59: [90,137,177,249,308,399,485]
60: [20,66,74,130,207,218,240,344,451,469,484]
61: [17,105,110,145,245,272,342,345,389,410]
62: [12,65,102,128,276,323]
63: [56,234,279,286,347]
64: [14,125,155,339,407,415,468,495]
65: [12,46,62,276,323]
66: [60,207,240,321,344,427,451,469]
67: [6,69,79,248,261,282,306,349,359,412]
68: [127,139,166,187,236,401,435,441]
69: [67,79,190,224,248,261,306,349,412,458]
70: [1,28,82,124,192,230,399]
71: [7,26,53,131,157,293,420,425,431]
72: [27,45,126,135,317,336,429,442,462]
73: [76,123,168,188,257,290,296,320,421,478]
74: [60,92,114,130,240,304,469,472,484]
75: [98,219,313,356,405,461]
76: [73,90,123,188,257,290,296,320,421,454]
77: [232,242,264,338,406]
78: [26,47,133,258,418,464,491]
79: [18,67,69,270,282,306,349,400,458,472,482]
80: [5,31,52,54,208,281,382,423,426,471]
81: [13,113,245,295,332,342,398,483]
82: [1,28,70,124,134,230,251]
83: [103,248,291,315,316,343,359,412]
84: [85,191,210,216,268,417,470,476]
85: [55,84,138,216,268,391,408,417]
86: [117,143,219,266,313,356,374,387]
87: [36,127,187,209,236,364,378,401,411,479]
88: [4,186,203,381,438,453]
89: [25,162,167,178,188,262,285,320,334,362,373]
90: [10,59,76,137,180,296,308]
91: [116,159,183,195,212,221,255,307,454,485]
92: [74,93,207,304,333,469,497]
93: [92,98,207,333,405]
94: [287,311,322,357,370,465,490]
95: [153,164,253,328,346,380,452]
96: [57,109,185,196,201,269,331,383,488]
97: [32,35,101,125,134,142,169,189,227,407]
98: [23,75,93,186,405,420,431,438]
99: [146,149,339,386,449]
100: [36,127,236,354,378,379,435,465]
101: [35,97,124,134,135,142,169,230,251,263]
102: [12,33,62,128,260,265,276,319,323,382]
103: [83,129,291,315,324,343,414]
104: [170,223,329,358,395,478,486]
105: [61,110,245,345,370,410,483,490]
106: [206,247,291,324,371,414,440,443]
107: [22,56,144,181,233,350,409,436]
108: [47,48,172,305,480]
109: [37,57,96,185,201,330,353,488]
110: [17,41,61,105,113,145,200,342,351,389,410]
111: [30,43,179,269,331,348,383,396]
112: [9,148,233,275,371,392,476]
113: [81,110,145,229,295,302,342,351,398]
114: [18,74,130,218,240,270,304,400,432,469,472,484]
115: [0,31,335,336,423,426,429,439,442]
116: [91,159,163,195,221,255,264,284,307,402]
117: [86,143,170,266,387,477,489]
118: [0,125,189,301,335,361,422,439,466]
119: [121,228,267,300,403,419,498]
120: [3,38,40,176,197,213,276,292]
121: [1,15,119,173,227,228,403,450,498]
122: [27,31,126,156,299,336,429,446,457]
123: [73,76,162,183,188,212,290,296,320,377,454]
124: [1,28,70,82,101,134,142,169,230,251]
125: [35,64,97,118,189,263,301,407,415,466,468,495]
126: [27,45,72,122,156,299,317,336,429,457]
127: [36,68,87,100,139,166,187,236,401,435]
128: [5,12,62,102,260,319,323,382]
129: [103,158,191,205,241,343,414]
130: [20,60,74,114,174,218,240,432,451,469,472,484]
131: [26,53,71,133,186,258,293,420,425,431]
132: [9,136,144,179,233,372,436,494]
133: [26,53,78,131,258,418,425,431,464,491]
134: [1,15,32,35,82,97,101,124,142,169,227,230,251]
135: [45,51,72,101,251,317,462]
136: [9,43,132,233,348,363,372]
137: [59,90,180,308,399]
138: [55,85,147,163,326,391,402,408,417]
139: [68,127,140,166,311,401,441]
140: [21,40,139,176,404,441,475]
141: [16,38,151,161,289,456,487]
142: [32,35,97,101,124,134,169,227,407]
143: [86,117,219,266,313,356,374,387,477,493]
144: [22,56,107,132,233,234,350,409,436,494]
145: [17,41,44,61,110,113,200,342,351,389,397]
146: [99,254,355,369,386,413,449,455]
147: [138,163,195,237,271,391,402]
148: [112,210,250,275,392,470,476]
149: [99,385,445,449,450,455,496]
150: [152,165,217,286,298,303,341,409]
151: [13,38,141,213,278,456]
152: [150,229,273,277,298,302,303,341,351]
153: [31,54,95,156,253,299,446,452]
154: [205,209,238,239,315,316,411,416,479,492]
155: [32,64,173,227,339,495,499]
156: [27,122,126,153,299,336,446,457]
157: [7,34,71,175,211,293,318,321,344,427]
158: [55,129,241,268,447,459]
159: [91,116,163,183,184,195,221,255,271]
160: [48,226,231,294,314,360,437]
161: [16,33,141,208,281,289,328,394,487]
162: [89,123,178,188,257,285,290,320,334,373,377]
163: [116,138,147,159,221,264,402]
164: [16,95,253,328,347,380,452]
165: [150,217,229,278,286,295,341]
166: [68,127,139,287,311,441]
167: [25,89,214,256,262,352,362,373,453,480]
168: [2,10,73,225,296,358,421,478]
169: [1,15,32,35,97,101,124,134,142,173,227,407]
170: [104,117,223,387,395,460,477,486,489]
171: [3,13,21,38,197,213,278,332,398]
172: [47,108,305]
173: [15,32,121,155,169,227,450,499]
174: [20,130,193,218,451]
175: [7,14,34,157,202,243,246,293,318]
176: [21,40,120,140,197,404,475]
177: [49,59,249,393,399]
178: [89,162,222,257,285,320,373,489]
179: [30,43,111,132,297,348,372,494]
180: [10,90,137,225,296]
181: [11,22,107,250,340,350,392]
182: [187,209,239,376,401,416,433,448,474,479]
183: [25,91,123,159,184,188,195,334,366,377,454]
184: [25,159,183,188,195,237,256,262,271,334,366,377]
185: [96,109,196,201,330,374,375,493]
186: [23,53,88,98,131,258,381,420,431,438]
187: [68,87,127,182,236,401,433,479]
188: [73,76,89,123,162,183,184,257,285,290,320,334,377,454]
189: [35,97,118,125,263,301,335,407,415,442,466,468]
190: [69,206,224,306,384,412,440,444]
191: [84,129,210,268,414,476]
192: [28,70,249,267,393,399,403]
193: [20,174,211,344,388,451,481]
194: [42,50,220,244,358,367]
195: [91,116,147,159,183,184,237,271,366]
196: [58,96,185,269,310,331,383,460,493]
197: [3,13,21,38,120,171,176,213]
198: [30,244,310,329,396]
199: [24,235,280,294,360,437,447]
200: [17,41,44,110,145,204,288,309,351,397]
201: [96,109,185,330,375,461]
202: [14,29,175,243,246,293,318]
203: [4,88,352,381,453,464]
204: [41,44,49,200,242,338,397]
205: [129,154,238,241,274,315,316,343,459,492]
206: [106,190,291,353,384,440,443,444,473]
207: [60,66,92,93,321,427,469]
208: [5,33,52,54,80,161,281,289,382,394,426,471]
209: [87,154,182,238,239,411,416,479,492]
210: [84,148,191,216,268,275,470,476]
211: [20,34,157,193,318,321,344,427,451,481]
212: [91,123,255,307,308,454,485]
213: [3,13,38,120,151,171,197,292,398]
214: [48,167,262,352,362,453,480]
215: [21,245,287,311,332,345,483,490]
216: [84,85,210,250,326,408,417,470]
217: [150,165,286,303,341,409,456]
218: [12,60,114,130,174,240,432,472,484]
219: [75,86,143,266,313,356,374,438]
220: [2,42,50,194,358,367]
221: [91,116,159,163,255,264,284,307]
222: [178,257,285,320,421,477,486,489]
223: [104,170,395,477,478,486,489]
224: [18,69,190,306,384,444,458,482]
225: [2,10,51,168,180,358,365]
226: [48,160,256,314,360,480]
227: [15,32,97,121,134,142,155,169,173,499]
228: [119,121,300,403,419,450,496,498]
229: [113,152,165,278,295,302,341,398]
230: [1,28,70,82,101,124,134,251,462]
231: [55,160,237,294,391,437,447]
232: [77,242,273,277,298,337,338,406,428]
233: [9,107,112,132,136,144,372,436,494]
234: [56,63,144,279,347,436,494]
235: [24,39,199,280,364,368,424]
236: [36,68,87,100,127,187,401,435,479]
237: [25,147,184,195,231,256,271,314,366]
238: [39,154,205,209,274,364,411,459,479,492]
239: [6,154,182,209,248,315,316,359,376,416]
240: [60,66,74,114,130,218,451,469,472,484]
241: [129,158,205,274,343,459]
242: [44,77,204,232,277,338,397]
243: [8,14,29,175,202,293,425,434,463]
244: [50,194,198,329]
245: [61,81,105,215,332,342,345,370,483,490]
246: [14,34,175,202,318,361,468,481]
247: [106,324,371,443,473]
248: [6,67,69,83,239,261,316,359,412]
249: [59,177,192,393,399]
250: [11,22,148,181,216,340,392,428,470]
251: [82,101,124,134,135,230,365,462]
252: [254,354,390]
253: [16,54,95,153,164,281,289,328,380,452]
254: [146,252,354,355,369,413]
255: [91,116,159,212,221,284,307,485]
256: [25,167,184,226,237,262,314,334,362,366]
257: [73,76,162,178,188,222,285,290,320,421,478,486,489]
258: [26,53,78,131,133,186,381,464]
259: [37,330,333,461,497]
260: [5,33,52,102,128,319,382,388,471]
261: [6,67,69,248,282,312,327,349,376,448]
262: [25,89,167,184,214,256,314,334,362,366,373]
263: [0,35,101,125,189,317,335,442,466]
264: [77,116,163,221,284,338,406]
265: [3,33,102,276,292,319,323,394,487]
266: [4,86,117,143,219,477]
267: [119,192,393,403,467]
268: [55,84,85,158,191,210,447]
269: [57,96,111,196,331,348,363,383,488]
270: [18,79,114,282,312,349,400,432,472]
271: [147,159,184,195,237,366,391,402]
272: [61,300,357,389,410,419]
273: [11,152,232,277,298,303,337,338,428]
274: [39,205,238,241,280,459,492]
275: [112,148,210,371,392,470,476]
276: [62,65,102,120,265,292,323]
277: [152,232,242,273,298,302,303,337,338,341,397]
278: [13,151,165,171,229,295,398]
279: [56,63,234,297,346,380,436,494]
280: [24,39,199,235,274,294,459]
281: [16,33,52,54,80,161,208,253,289,328,394,452]
282: [18,67,79,261,270,306,312,349,400,472]
283: [19,46,327,430,433,448,474,475]
284: [49,116,221,255,264]
285: [89,162,178,188,222,257,290,320,373,489]
286: [63,150,165,217,347,409,456]
287: [94,166,215,311,322,345,370,490]
288: [17,44,200,309,389,393,467]
289: [16,33,141,161,208,253,281,328,394,487]
290: [73,76,123,162,188,257,285,296,320,377,421,454]
291: [83,103,106,206,324,414,440]
292: [3,38,120,213,265,276,487]
293: [7,8,71,131,157,175,202,243,425]
294: [24,160,199,231,280,360,437,447]
295: [13,81,113,165,229,278,302,342,398]
296: [10,73,76,90,123,168,180,290,454]
297: [30,179,279,325,346,372]
298: [11,150,152,232,273,277,303,337,341,350,409]
299: [31,54,122,126,153,156,336,446,452]
300: [119,228,272,357,385,410,419,450,496,498]
301: [118,125,189,361,415,422,466,468]
302: [41,113,152,229,277,295,341,351,397]
303: [11,150,152,217,273,277,298,337,341,350,409]
304: [18,74,92,114,458,482,497]
305: [48,108,172,368]
306: [18,67,69,79,190,224,282,349,384,412,458,482]
307: [91,116,212,221,255,308,454,485]
308: [59,90,137,212,307,454,485]
309: [17,41,44,49,200,288,389,467]
310: [58,196,198,329,331,383,396,460]
311: [94,139,166,215,287,345,490]
312: [6,19,261,270,282,327,400,448]
313: [75,86,143,219,356,374,375,387,493]
314: [48,160,226,237,256,262,360]
315: [83,103,154,205,239,316,343,359,492]
316: [83,154,205,239,248,315,343,359]
317: [72,126,135,263,335,429,442,462]
318: [34,157,175,202,211,246,427,481]
319: [33,52,102,128,260,265,382,394,487]
320: [73,76,89,123,162,178,188,222,257,285,290,377,421]
321: [7,66,157,207,211,344,427,469]
322: [94,287,357,370,490]
323: [12,62,65,102,128,265,276]
324: [103,106,247,291,371,414]
325: [297,346,380]
326: [138,216,406,408,417,428]
327: [6,19,261,283,312,376,448,474]
328: [16,95,161,164,253,281,289,452]
329: [58,104,198,244,310,395]
330: [37,109,185,201,259,375,461]
331: [96,111,196,269,310,348,383,396,488]
332: [21,81,171,215,245,483]
333: [92,93,259,461,497]
334: [25,89,162,183,184,188,256,262,362,366,377]
335: [0,115,118,189,263,317,429,442,466]
336: [27,31,72,115,122,126,156,299,429]
337: [11,232,273,277,298,303,340,406,428]
338: [77,204,232,242,264,273,277,406]
339: [14,29,64,99,155,386,434,449,495]
340: [11,22,181,250,337,350,428]
341: [150,152,165,217,229,277,298,302,303]
342: [61,81,110,113,145,245,295,351,483]
343: [83,103,129,205,241,315,316,359,414]
344: [20,60,66,157,193,211,321,427,451,469,481]
345: [61,105,215,245,287,311,370,483,490]
346: [95,279,297,325,380]
347: [56,63,164,234,286,380,456]
348: [9,43,111,136,179,269,331,363]
349: [6,18,67,69,79,261,270,282,306,458]
350: [11,22,107,144,181,298,303,340,409]
351: [41,110,113,145,152,200,302,342,397]
352: [4,167,203,214,362,373,453]
353: [57,109,206,363,443,473,488]
354: [100,252,254,355,379]
355: [146,254,354,379,413,455]
356: [75,86,143,219,313,374,375]
357: [94,272,300,322,370,385,410,419]
358: [2,104,168,194,220,225,478]
359: [67,83,239,248,315,316,343,412]
360: [24,48,160,199,226,294,314,368,437]
361: [34,118,246,301,388,422,468,481]
362: [89,167,214,256,262,334,352,373,453]
363: [57,136,269,348,353,473,488]
364: [36,39,87,235,238,378,390,411,424]
365: [51,225,251,367,462]
366: [25,183,184,195,237,256,262,271,334]
367: [27,42,45,50,51,194,220,365,457]
368: [24,48,235,305,360,424]
369: [146,254,386,413,418,449]
370: [94,105,245,287,322,345,357,410,490]
371: [106,112,247,275,324,476]
372: [9,43,132,136,179,233,297,436,494]
373: [4,89,162,167,178,262,285,352,362,453]
374: [86,143,185,219,313,356,375,387,493]
375: [185,201,313,330,356,374,493]
376: [6,182,239,261,327,416,433,448,474]
377: [25,123,162,183,184,188,290,320,334,454]
378: [36,87,100,364,390]
379: [36,100,354,355,435,465]
380: [95,164,253,279,325,346,347]
381: [4,88,186,203,258,438,453,464]
382: [5,33,52,80,102,128,208,260,319,394,471]
383: [58,96,111,196,269,310,331,396]
384: [37,190,206,224,306,444,458]
385: [149,300,357,445,450,455,496,498]
386: [29,99,146,339,369,434,449,463]
387: [86,117,143,170,313,374,460,477,493]
388: [5,193,260,361,422,439]
389: [17,61,110,145,272,288,309,410,419,467]
390: [252,364,378,424]
391: [55,85,138,147,231,271,402,437,447]
392: [22,112,148,181,250,275,470,476]
393: [177,192,249,267,288,403,467]
394: [33,52,161,208,265,281,289,319,382,487]
395: [58,104,170,223,329,460,477,478,486]
396: [30,111,198,310,331,383]
397: [41,44,145,200,204,242,277,302,351]
398: [13,81,113,171,213,229,278,295]
399: [28,59,70,137,177,192,249]
400: [79,114,270,282,312,432,472,484]
401: [68,87,127,139,182,187,236,430,433,441]
402: [116,138,147,163,271,391]
403: [119,121,192,228,267,393,467]
404: [21,40,140,176,475]
405: [23,75,93,98]
406: [77,232,264,326,337,338,408,428]
407: [32,35,64,97,125,142,169,189,415,466,468,495]
408: [85,138,216,326,406,417,428]
409: [22,107,144,150,217,286,298,303,350]
410: [61,105,110,272,300,357,370,389,419]
411: [39,87,154,209,238,364,479,492]
412: [67,69,83,190,248,306,359,440,444]
413: [146,254,355,369]
414: [103,106,129,191,291,324,343]
415: [14,64,125,189,301,407,466,468,495]
416: [154,182,209,239,376,479,492]
417: [84,85,138,216,326,408]
418: [78,133,369,434,463,491]
419: [119,228,272,300,357,389,410,498]
420: [7,23,53,71,98,131,186,431]
421: [73,76,168,222,257,290,320,478,486]
422: [0,118,301,361,388,439,466]
423: [0,5,31,52,80,115,426,439,471]
424: [24,235,364,368,390]
425: [8,26,53,71,131,133,243,293,431,463,491]
426: [5,31,52,54,80,115,208,423,471]
427: [7,34,66,157,207,211,318,321,344,451,481]
428: [11,232,250,273,326,337,340,406,408]
429: [0,31,72,115,122,126,317,335,336,442]
430: [283,401,433,441,474,475]
431: [23,26,53,71,98,131,133,186,420,425]
432: [12,114,130,218,270,400,472,484]
433: [182,187,283,376,401,430,448,474]
434: [8,14,29,243,339,386,418,463,491]
435: [36,68,100,127,236,379,465]
436: [9,56,107,132,144,233,234,279,372,494]
437: [55,160,199,231,294,360,391,447]
438: [23,88,98,186,219,381]
439: [0,5,115,118,388,422,423,471]
440: [106,190,206,291,412,443,444]
441: [68,139,140,166,401,430,475]
442: [0,35,72,115,189,263,317,335,429,466]
443: [57,106,206,247,353,440,444,473]
444: [190,206,224,384,412,440,443]
445: [149,385,455,496]
446: [31,54,122,153,156,299,452]
447: [55,158,199,231,268,294,391,437]
448: [6,19,182,261,283,312,327,376,433,474]
449: [99,146,149,339,369,386]
450: [121,149,173,228,300,385,496,498]
451: [20,60,66,130,174,193,211,240,344,427,469]
452: [54,95,153,164,253,281,299,328,446]
453: [4,88,167,203,214,352,362,373,381]
454: [76,91,123,183,188,212,290,296,307,308,377,485]
455: [146,149,355,385,445]
456: [16,141,151,217,286,347]
457: [27,42,45,50,122,126,156,367]
458: [18,69,79,224,304,306,349,384,482]
459: [39,158,205,238,241,274,280,492]
460: [58,170,196,310,387,395,493]
461: [37,75,201,259,330,333,497]
462: [45,51,72,135,230,251,317,365]
463: [8,29,243,386,418,425,434,491]
464: [47,53,78,133,203,258,381]
465: [94,100,379,435]
466: [0,35,118,125,189,263,301,335,407,415,422,442,468]
467: [267,288,309,389,393,403]
468: [64,125,189,246,301,361,407,415,466]
469: [60,66,74,92,114,130,207,240,321,344,451,484]
470: [84,148,210,216,250,275,392,476]
471: [5,31,33,52,80,208,260,382,423,426,439]
472: [74,79,114,130,218,240,270,282,400,432,484]
473: [57,206,247,353,363,443,488]
474: [19,182,283,327,376,430,433,448]
475: [40,46,140,176,283,404,430,441]
476: [84,112,148,191,210,275,371,392,470]
477: [117,143,170,222,223,266,387,395,486,489]
478: [73,104,168,223,257,358,395,421,486]
479: [87,154,182,187,209,236,238,411,416]
480: [48,108,167,214,226]
481: [20,34,193,211,246,318,344,361,427]
482: [18,79,224,304,306,458,497]
483: [21,81,105,215,245,332,342,345,490]
484: [60,74,114,130,218,240,400,432,469,472]
485: [59,91,212,255,307,308,454]
486: [104,170,222,223,257,395,421,477,478,489]
487: [3,33,38,141,161,265,289,292,319,394]
488: [57,96,109,269,331,353,363,473]
489: [117,170,178,222,223,257,285,477,486]
490: [94,105,215,245,287,311,322,345,370,483]
491: [8,26,78,133,418,425,434,463]
492: [39,154,205,209,238,274,315,411,416,459]
493: [143,185,196,313,374,375,387,460]
494: [56,132,144,179,233,234,279,372,436]
495: [32,64,125,155,339,407,415,499]
496: [149,228,300,385,445,450,498]
497: [92,259,304,333,461,482]
498: [119,121,228,300,385,419,450,496]
499: [32,155,173,227,495]
